255	0	0
255	37.317	0
255	74.634	0
255	111.95	0
255	149.27	0
255	186.59	0
255	223.9	0
248.78	255	0
211.46	255	0
174.15	255	0
136.83	255	0
99.512	255	0
62.195	255	0
24.878	255	0
0	255	12.439
0	255	49.756
0	255	87.073
0	255	124.39
0	255	161.71
0	255	199.02
0	255	236.34
0	236.34	255
0	199.02	255
0	161.71	255
0	124.39	255
0	87.073	255
0	49.756	255
0	12.439	255
24.878	0	255
62.195	0	255
99.512	0	255
136.83	0	255
174.15	0	255
211.46	0	255
248.78	0	255
255	0	223.9
255	0	186.59
255	0	149.27
255	0	111.95
255	0	74.634
255	0	37.317
